
======================================================================================
Team	Pld	Won	Lost	Tied	N/R     RR	     Pts	 
======================================================================================
1	CSK	8	7	1	0	+0.288	     14	

2	DC	8	5	3	0	+0.418	     10	

3	KKR	9	5	4	0	+0.350	     10	

4	MI	8	4	4	0	+0.289	     8	

5	KXIP	8	4	4	0	-0.093	     8	

6	SRH	7	3	4	0	+0.409	     6	

7	RR	7	2	5	0	-0.587	     4	

8	RCB	8	1	7	0	-1.403	     2	

======================================================================================